0 1 3 2.97004 
0 0.95 2.805 2.83238 
0 0.9 2.62 2.62465 
0 0.85 2.445 2.43367 
0 0.8 2.28 2.27083 
0 0.75 2.125 2.12554 
0 0.7 1.98 1.98946 
0 0.65 1.845 1.85822 
0 0.6 1.72 1.73056 
0 0.55 1.605 1.60762 
0 0.5 1.5 1.49208 
0 0.45 1.405 1.38704 
0 0.4 1.32 1.29501 
0 0.35 1.245 1.21736 
0 0.3 1.18 1.15432 
0 0.25 1.125 1.10523 
0 0.2 1.08 1.06893 
0 0.15 1.045 1.04407 
0 0.1 1.02 1.02924 
0 0.05 1.005 1.02316 
0 0 1 1.0246 
0.05 1 2.81451 2.84443 
0.05 0.95 2.61951 2.62814 
0.05 0.9 2.43451 2.42439 
0.05 0.85 2.25951 2.25128 
0.05 0.8 2.09451 2.0973 
0.05 0.75 1.93951 1.95398 
0.05 0.7 1.79451 1.81696 
0.05 0.65 1.65951 1.68425 
0.05 0.6 1.53451 1.55574 
0.05 0.55 1.41951 1.433 
0.05 0.5 1.31451 1.31856 
0.05 0.45 1.21951 1.215 
0.05 0.4 1.13451 1.12421 
0.05 0.35 1.05951 1.04703 
0.05 0.3 0.994506 0.983366 
0.05 0.25 0.939506 0.932436 
0.05 0.2 0.894506 0.893141 
0.05 0.15 0.859506 0.864267 
0.05 0.1 0.834506 0.844618 
0.05 0.05 0.819506 0.833086 
0.05 0 0.814506 0.828659 
0.1 1 2.6561 2.6589 
0.1 0.95 2.4611 2.44641 
0.1 0.9 2.2761 2.26305 
0.1 0.85 2.1011 2.09852 
0.1 0.8 1.9361 1.9449 
0.1 0.75 1.7811 1.79928 
0.1 0.7 1.6361 1.6602 
0.1 0.65 1.5011 1.52679 
0.1 0.6 1.3761 1.39927 
0.1 0.55 1.2611 1.27897 
0.1 0.5 1.1561 1.16788 
0.1 0.45 1.0611 1.06788 
0.1 0.4 0.9761 0.980175 
0.1 0.35 0.9011 0.90515 
0.1 0.3 0.8361 0.842467 
0.1 0.25 0.7811 0.791343 
0.1 0.2 0.7361 0.75078 
0.1 0.15 0.7011 0.71972 
0.1 0.1 0.6761 0.697123 
0.1 0.05 0.6611 0.68201 
0.1 0 0.6561 0.673474 
0.15 1 2.52201 2.49997 
0.15 0.95 2.32701 2.30745 
0.15 0.9 2.14201 2.13246 
0.15 0.85 1.96701 1.96644 
0.15 0.8 1.80201 1.80832 
0.15 0.75 1.64701 1.65883 
0.15 0.7 1.50201 1.51776 
0.15 0.65 1.36701 1.38444 
0.15 0.6 1.24201 1.25882 
0.15 0.55 1.12701 1.1417 
0.15 0.5 1.02201 1.03438 
0.15 0.45 0.927006 0.938066 
0.15 0.4 0.842006 0.853427 
0.15 0.35 0.767006 0.780532 
0.15 0.3 0.702006 0.718976 
0.15 0.25 0.647006 0.66807 
0.15 0.2 0.602006 0.626982 
0.15 0.15 0.567006 0.594823 
0.15 0.1 0.542006 0.570686 
0.15 0.05 0.527006 0.553674 
0.15 0 0.522006 0.542923 
0.2 1 2.4096 2.38235 
0.2 0.95 2.2146 2.19969 
0.2 0.9 2.0296 2.02326 
0.2 0.85 1.8546 1.8513 
0.2 0.8 1.6896 1.68752 
0.2 0.75 1.5346 1.53442 
0.2 0.7 1.3896 1.39195 
0.2 0.65 1.2546 1.25911 
0.2 0.6 1.1296 1.13532 
0.2 0.55 1.0146 1.02081 
0.2 0.5 0.9096 0.916259 
0.2 0.45 0.8146 0.82234 
0.2 0.4 0.7296 0.739382 
0.2 0.35 0.6546 0.667342 
0.2 0.3 0.5896 0.605896 
0.2 0.25 0.5346 0.554544 
0.2 0.2 0.4896 0.512662 
0.2 0.15 0.4546 0.479525 
0.2 0.1 0.4296 0.454323 
0.2 0.05 0.4146 0.436195 
0.2 0 0.4096 0.424272 
0.25 1 2.31641 2.29506 
0.25 0.95 2.12141 2.1137 
0.25 0.9 1.93641 1.93181 
0.25 0.85 1.76141 1.75329 
0.25 0.8 1.59641 1.58463 
0.25 0.75 1.44141 1.42886 
0.25 0.7 1.29641 1.28556 
0.25 0.65 1.16141 1.15317 
0.25 0.6 1.03641 1.03058 
0.25 0.55 0.921406 0.917516 
0.25 0.5 0.816406 0.814193 
0.25 0.45 0.721406 0.720941 
0.25 0.4 0.636406 0.637951 
0.25 0.35 0.561406 0.56524 
0.25 0.3 0.496406 0.502693 
0.25 0.25 0.441406 0.450061 
0.25 0.2 0.396406 0.406924 
0.25 0.15 0.361406 0.372658 
0.25 0.1 0.336406 0.346461 
0.25 0.05 0.321406 0.32742 
0.25 0 0.316406 0.314599 
0.3 1 2.2401 2.22865 
0.3 0.95 2.0451 2.04466 
0.3 0.9 1.8601 1.85679 
0.3 0.85 1.6851 1.67282 
0.3 0.8 1.5201 1.50068 
0.3 0.75 1.3651 1.34323 
0.3 0.7 1.2201 1.1995 
0.3 0.65 1.0851 1.06737 
0.3 0.6 0.9601 0.945289 
0.3 0.55 0.8451 0.832581 
0.3 0.5 0.7401 0.729179 
0.3 0.45 0.6451 0.635257 
0.3 0.4 0.5601 0.551041 
0.3 0.35 0.4851 0.476766 
0.3 0.3 0.4201 0.412625 
0.3 0.25 0.3651 0.358643 
0.3 0.2 0.3201 0.314536 
0.3 0.15 0.2851 0.279651 
0.3 0.1 0.2601 0.253033 
0.3 0.05 0.2451 0.233576 
0.3 0 0.2401 0.220178 
0.35 1 2.17851 2.17736 
0.35 0.95 1.98351 1.98972 
0.35 0.9 1.79851 1.79682 
0.35 0.85 1.62351 1.60899 
0.35 0.8 1.45851 1.43472 
0.35 0.75 1.30351 1.27644 
0.35 0.7 1.15851 1.13258 
0.35 0.65 1.02351 1.00057 
0.35 0.6 0.898506 0.878497 
0.35 0.55 0.783506 0.765458 
0.35 0.5 0.678506 0.661234 
0.35 0.45 0.583506 0.565999 
0.35 0.4 0.498506 0.480167 
0.35 0.35 0.423506 0.404314 
0.35 0.3 0.358506 0.33901 
0.35 0.25 0.303506 0.284534 
0.35 0.2 0.258506 0.240618 
0.35 0.15 0.223506 0.206404 
0.35 0.1 0.198506 0.180612 
0.35 0.05 0.183506 0.161817 
0.35 0 0.178506 0.148678 
0.4 1 2.1296 2.13746 
0.4 0.95 1.9346 1.94646 
0.4 0.9 1.7496 1.74989 
0.4 0.85 1.5746 1.5597 
0.4 0.8 1.4096 1.38443 
0.4 0.75 1.2546 1.22599 
0.4 0.7 1.1096 1.08225 
0.4 0.65 0.9746 0.950309 
0.4 0.6 0.8496 0.828035 
0.4 0.55 0.7346 0.714378 
0.4 0.5 0.6296 0.609089 
0.4 0.45 0.5346 0.51246 
0.4 0.4 0.4496 0.425196 
0.4 0.35 0.3746 0.348288 
0.4 0.3 0.3096 0.282696 
0.4 0.25 0.2546 0.228874 
0.4 0.2 0.2096 0.186426 
0.4 0.15 0.1746 0.154134 
0.4 0.1 0.1496 0.130298 
0.4 0.05 0.1346 0.113148 
0.4 0 0.1296 0.101126 
0.45 1 2.09151 2.10621 
0.45 0.95 1.89651 1.91259 
0.45 0.9 1.71151 1.71367 
0.45 0.85 1.53651 1.52235 
0.45 0.8 1.37151 1.34695 
0.45 0.75 1.21651 1.18885 
0.45 0.7 1.07151 1.04547 
0.45 0.65 0.936506 0.913659 
0.45 0.6 0.811506 0.791154 
0.45 0.55 0.696506 0.676853 
0.45 0.5 0.591506 0.570553 
0.45 0.45 0.496506 0.472725 
0.45 0.4 0.411506 0.38441 
0.45 0.35 0.336506 0.307026 
0.45 0.3 0.271506 0.241873 
0.45 0.25 0.216506 0.189473 
0.45 0.2 0.171506 0.149182 
0.45 0.15 0.136506 0.119352 
0.45 0.1 0.111506 0.0978712 
0.45 0.05 0.0965063 0.08269 
0.45 0 0.0915063 0.0721109 
0.5 1 2.0625 2.08152 
0.5 0.95 1.8675 1.88608 
0.5 0.9 1.6825 1.68591 
0.5 0.85 1.5075 1.49439 
0.5 0.8 1.3425 1.31951 
0.5 0.75 1.1875 1.16212 
0.5 0.7 1.0425 1.01931 
0.5 0.65 0.9075 0.887733 
0.5 0.6 0.7825 0.765074 
0.5 0.55 0.6675 0.650231 
0.5 0.5 0.5625 0.543084 
0.5 0.45 0.4675 0.444309 
0.5 0.4 0.3825 0.355275 
0.5 0.35 0.3075 0.277781 
0.5 0.3 0.2425 0.213393 
0.5 0.25 0.1875 0.162616 
0.5 0.2 0.1425 0.124505 
0.5 0.15 0.1075 0.0970021 
0.5 0.1 0.0825 0.077656 
0.5 0.05 0.0675 0.0642278 
0.5 0 0.0625 0.0549584 
0.55 1 2.04101 2.06174 
0.55 0.95 1.84601 1.8652 
0.55 0.9 1.66101 1.66462 
0.55 0.85 1.48601 1.4736 
0.55 0.8 1.32101 1.29971 
0.55 0.75 1.16601 1.14332 
0.55 0.7 1.02101 1.00124 
0.55 0.65 0.886006 0.870024 
0.55 0.6 0.761006 0.747323 
0.55 0.55 0.646006 0.632073 
0.55 0.5 0.541006 0.524256 
0.55 0.45 0.446006 0.42474 
0.55 0.4 0.361006 0.335183 
0.55 0.35 0.286006 0.257703 
0.55 0.3 0.221006 0.194062 
0.55 0.25 0.166006 0.144708 
0.55 0.2 0.121006 0.108413 
0.55 0.15 0.0860062 0.0827757 
0.55 0.1 0.0610062 0.0650934 
0.55 0.05 0.0460062 0.0530101 
0.55 0 0.0410062 0.044748 
0.6 1 2.0256 2.04562 
0.6 0.95 1.8306 1.84856 
0.6 0.9 1.6456 1.64821 
0.6 0.85 1.4706 1.45821 
0.6 0.8 1.3056 1.28563 
0.6 0.75 1.1506 1.13044 
0.6 0.7 1.0056 0.989242 
0.6 0.65 0.8706 0.858497 
0.6 0.6 0.7456 0.735866 
0.6 0.55 0.6306 0.620338 
0.6 0.5 0.5256 0.511998 
0.6 0.45 0.4306 0.411881 
0.6 0.4 0.3456 0.321882 
0.6 0.35 0.2706 0.244372 
0.6 0.3 0.2056 0.181266 
0.6 0.25 0.1506 0.132958 
0.6 0.2 0.1056 0.0979913 
0.6 0.15 0.0706 0.0737005 
0.6 0.1 0.0456 0.0572041 
0.6 0.05 0.0306 0.0460712 
0.6 0 0.0256 0.0385217 
0.65 1 2.01501 2.03223 
0.65 0.95 1.82001 1.8351 
0.65 0.9 1.63501 1.63545 
0.65 0.85 1.46001 1.44682 
0.65 0.8 1.29501 1.2758 
0.65 0.75 1.14001 1.12197 
0.65 0.7 0.995006 0.981754 
0.65 0.65 0.860006 0.851576 
0.65 0.6 0.735006 0.729113 
0.65 0.55 0.620006 0.613415 
0.65 0.5 0.515006 0.504663 
0.65 0.45 0.420006 0.404028 
0.65 0.4 0.335006 0.313593 
0.65 0.35 0.260006 0.235931 
0.65 0.3 0.195006 0.17308 
0.65 0.25 0.140006 0.12541 
0.65 0.2 0.0950062 0.0913018 
0.65 0.15 0.0600062 0.0679 
0.65 0.1 0.0350062 0.0521924 
0.65 0.05 0.0200062 0.0416944 
0.65 0 0.0150062 0.0346237 
0.7 1 2.0081 2.02087 
0.7 0.95 1.8131 1.82401 
0.7 0.9 1.6281 1.62542 
0.7 0.85 1.4531 1.4384 
0.7 0.8 1.2881 1.26911 
0.7 0.75 1.1331 1.11675 
0.7 0.7 0.9881 0.977608 
0.7 0.65 0.8531 0.848074 
0.7 0.6 0.7281 0.72586 
0.7 0.55 0.6131 0.610077 
0.7 0.5 0.5081 0.500993 
0.7 0.45 0.4131 0.399888 
0.7 0.4 0.3281 0.308989 
0.7 0.35 0.2531 0.231025 
0.7 0.3 0.1881 0.168153 
0.7 0.25 0.1331 0.12075 
0.7 0.2 0.0881 0.0871025 
0.7 0.15 0.0531 0.0642217 
0.7 0.1 0.0281 0.0489969 
0.7 0.05 0.0131 0.0388974 
0.7 0 0.0081 0.0321329 
0.75 1 2.00391 2.01103 
0.75 0.95 1.80891 1.8147 
0.75 0.9 1.62391 1.61741 
0.75 0.85 1.44891 1.43221 
0.75 0.8 1.28391 1.26475 
0.75 0.75 1.12891 1.11395 
0.75 0.7 0.983906 0.975941 
0.75 0.65 0.848906 0.847114 
0.75 0.6 0.723906 0.725214 
0.75 0.55 0.608906 0.609413 
0.75 0.5 0.503906 0.500054 
0.75 0.45 0.408906 0.398506 
0.75 0.4 0.323906 0.3071 
0.75 0.35 0.248906 0.228693 
0.75 0.3 0.183906 0.165554 
0.75 0.25 0.128906 0.118109 
0.75 0.2 0.0839062 0.0846007 
0.75 0.15 0.0489062 0.0619551 
0.75 0.1 0.0239062 0.0469829 
0.75 0.05 0.00890625 0.0371085 
0.75 0 0.00390625 0.030525 
0.8 1 2.0016 2.00235 
0.8 0.95 1.8066 1.80675 
0.8 0.9 1.6216 1.61094 
0.8 0.85 1.4466 1.42768 
0.8 0.8 1.2816 1.26214 
0.8 0.75 1.1266 1.11294 
0.8 0.7 0.9816 0.976125 
0.8 0.65 0.8466 0.848055 
0.8 0.6 0.7216 0.72652 
0.8 0.55 0.6066 0.610754 
0.8 0.5 0.5016 0.501162 
0.8 0.45 0.4066 0.399185 
0.8 0.4 0.3216 0.307231 
0.8 0.35 0.2466 0.228257 
0.8 0.3 0.1816 0.164648 
0.8 0.25 0.1266 0.116908 
0.8 0.2 0.0816 0.083286 
0.8 0.15 0.0466 0.0606555 
0.8 0.1 0.0216 0.0457627 
0.8 0.05 0.0066 0.0359852 
0.8 0 0.0016 0.0294915 
0.85 1 2.00051 1.99455 
0.85 0.95 1.80551 1.79982 
0.85 0.9 1.62051 1.60565 
0.85 0.85 1.44551 1.4244 
0.85 0.8 1.28051 1.26084 
0.85 0.75 1.12551 1.11329 
0.85 0.7 0.980506 0.9777 
0.85 0.65 0.845506 0.850427 
0.85 0.6 0.720506 0.729302 
0.85 0.55 0.605506 0.61361 
0.85 0.5 0.500506 0.503819 
0.85 0.45 0.405506 0.401422 
0.85 0.4 0.320506 0.308883 
0.85 0.35 0.245506 0.229242 
0.85 0.3 0.180506 0.164998 
0.85 0.25 0.125506 0.116761 
0.85 0.2 0.0805062 0.082825 
0.85 0.15 0.0455062 0.0600386 
0.85 0.1 0.0205062 0.0450929 
0.85 0.05 0.00550625 0.035316 
0.85 0 0.00050625 0.0288444 
0.9 1 2.0001 1.98744 
0.9 0.95 1.8051 1.7937 
0.9 0.9 1.6201 1.60125 
0.9 0.85 1.4451 1.4221 
0.9 0.8 1.2801 1.26055 
0.9 0.75 1.1251 1.11467 
0.9 0.7 0.9801 0.980333 
0.9 0.65 0.8451 0.853891 
0.9 0.6 0.7201 0.733209 
0.9 0.55 0.6051 0.617626 
0.9 0.5 0.5001 0.507662 
0.9 0.45 0.4051 0.404852 
0.9 0.4 0.3201 0.311701 
0.9 0.35 0.2451 0.231313 
0.9 0.3 0.1801 0.166302 
0.9 0.25 0.1251 0.117406 
0.9 0.2 0.0801 0.0829963 
0.9 0.15 0.0451 0.0599187 
0.9 0.1 0.0201 0.0448171 
0.9 0.05 0.0051 0.0349668 
0.9 0 0.0001 0.0284657 
0.95 1 2.00001 1.98087 
0.95 0.95 1.80501 1.78822 
0.95 0.9 1.62001 1.59756 
0.95 0.85 1.44501 1.42053 
0.95 0.8 1.28001 1.26102 
0.95 0.75 1.12501 1.11684 
0.95 0.7 0.980006 0.983779 
0.95 0.65 0.845006 0.858194 
0.95 0.6 0.720006 0.737985 
0.95 0.55 0.605006 0.622541 
0.95 0.5 0.500006 0.512427 
0.95 0.45 0.405006 0.409212 
0.95 0.4 0.320006 0.315426 
0.95 0.35 0.245006 0.23423 
0.95 0.3 0.180006 0.168348 
0.95 0.25 0.125006 0.118664 
0.95 0.2 0.0800062 0.0836506 
0.95 0.15 0.0450062 0.0601726 
0.95 0.1 0.0200062 0.0448325 
0.95 0.05 0.00500625 0.0348501 
0.95 0 6.25e-06 0.0282791 
1 1 2 1.97474 
1 0.95 1.805 1.78323 
1 0.9 1.62 1.59443 
1 0.85 1.445 1.41956 
1 0.8 1.28 1.26209 
1 0.75 1.125 1.11963 
1 0.7 0.98 0.987856 
1 0.65 0.845 0.863152 
1 0.6 0.72 0.743443 
1 0.55 0.605 0.628162 
1 0.5 0.5 0.517918 
1 0.45 0.405 0.414306 
1 0.4 0.32 0.319874 
1 0.35 0.245 0.237823 
1 0.3 0.18 0.170988 
1 0.25 0.125 0.12041 
1 0.2 0.08 0.0846859 
1 0.15 0.045 0.0607171 
1 0.1 0.02 0.0450703 
1 0.05 0.005 0.0349079 
1 0 0 0.0282342 
