0 1 3 2.70133 
0 0.95 2.805 2.63102 
0 0.9 2.62 2.54249 
0 0.85 2.445 2.4347 
0 0.8 2.28 2.30859 
0 0.75 2.125 2.16746 
0 0.7 1.98 2.01663 
0 0.65 1.845 1.86242 
0 0.6 1.72 1.71097 
0 0.55 1.605 1.56724 
0 0.5 1.5 1.43455 
0 0.45 1.405 1.31458 
0 0.4 1.32 1.20772 
0 0.35 1.245 1.11346 
0 0.3 1.18 1.03076 
0 0.25 1.125 0.958394 
0 0.2 1.08 0.89505 
0 0.15 1.045 0.839504 
0 0.1 1.02 0.790643 
0 0.05 1.005 0.747492 
0 0 1 0.709215 
0.05 1 2.81451 2.6683 
0.05 0.95 2.61951 2.58738 
0.05 0.9 2.43451 2.48602 
0.05 0.85 2.25951 2.36373 
0.05 0.8 2.09451 2.22263 
0.05 0.75 1.93951 2.06753 
0.05 0.7 1.79451 1.90521 
0.05 0.65 1.65951 1.74299 
0.05 0.6 1.53451 1.58734 
0.05 0.55 1.41951 1.44293 
0.05 0.5 1.31451 1.31238 
0.05 0.45 1.21951 1.19657 
0.05 0.4 1.13451 1.09513 
0.05 0.35 1.05951 1.00695 
0.05 0.3 0.994506 0.930568 
0.05 0.25 0.939506 0.864446 
0.05 0.2 0.894506 0.807111 
0.05 0.15 0.859506 0.757238 
0.05 0.1 0.834506 0.713671 
0.05 0.05 0.819506 0.675428 
0.05 0 0.814506 0.64168 
0.1 1 2.6561 2.63113 
0.1 0.95 2.4611 2.53863 
0.1 0.9 2.2761 2.42364 
0.1 0.85 2.1011 2.28656 
0.1 0.8 1.9361 2.13097 
0.1 0.75 1.7811 1.96334 
0.1 0.7 1.6361 1.79183 
0.1 0.65 1.5011 1.62443 
0.1 0.6 1.3761 1.46749 
0.1 0.55 1.2611 1.32501 
0.1 0.5 1.1561 1.19872 
0.1 0.45 1.0611 1.08861 
0.1 0.4 0.9761 0.993599 
0.1 0.35 0.9011 0.912051 
0.1 0.3 0.8361 0.842177 
0.1 0.25 0.7811 0.782242 
0.1 0.2 0.7361 0.730678 
0.1 0.15 0.7011 0.686123 
0.1 0.1 0.6761 0.647425 
0.1 0.05 0.6611 0.613623 
0.1 0 0.6561 0.583922 
0.15 1 2.52201 2.58982 
0.15 0.95 2.32701 2.485 
0.15 0.9 2.14201 2.35595 
0.15 0.85 1.96701 2.20432 
0.15 0.8 1.80201 2.03538 
0.15 0.75 1.64701 1.85728 
0.15 0.7 1.50201 1.67926 
0.15 0.65 1.36701 1.50956 
0.15 0.6 1.24201 1.35398 
0.15 0.55 1.12701 1.21558 
0.15 0.5 1.02201 1.09507 
0.15 0.45 0.927006 0.991606 
0.15 0.4 0.842006 0.903474 
0.15 0.35 0.767006 0.828651 
0.15 0.3 0.702006 0.765121 
0.15 0.25 0.647006 0.711043 
0.15 0.2 0.602006 0.664816 
0.15 0.15 0.567006 0.625092 
0.15 0.1 0.542006 0.590752 
0.15 0.05 0.527006 0.560878 
0.15 0 0.522006 0.534722 
0.2 1 2.4096 2.54459 
0.2 0.95 2.2146 2.42697 
0.2 0.9 2.0296 2.28389 
0.2 0.85 1.8546 2.11851 
0.2 0.8 1.6896 1.93792 
0.2 0.75 1.5346 1.75179 
0.2 0.7 1.3896 1.57006 
0.2 0.65 1.2546 1.40071 
0.2 0.6 1.1296 1.24867 
0.2 0.55 1.0146 1.11589 
0.2 0.5 0.9096 1.0021 
0.2 0.45 0.8146 0.905682 
0.2 0.4 0.7296 0.824454 
0.2 0.35 0.6546 0.756117 
0.2 0.3 0.5896 0.698529 
0.2 0.25 0.5346 0.649816 
0.2 0.2 0.4896 0.608394 
0.2 0.15 0.4546 0.572959 
0.2 0.1 0.4296 0.542445 
0.2 0.05 0.4146 0.51599 
0.2 0 0.4096 0.492896 
0.25 1 2.31641 2.49584 
0.25 0.95 2.12141 2.36529 
0.25 0.9 1.93641 2.20867 
0.25 0.85 1.76141 2.03086 
0.25 0.8 1.59641 1.84074 
0.25 0.75 1.44141 1.64919 
0.25 0.7 1.29641 1.46637 
0.25 0.65 1.16141 1.2996 
0.25 0.6 1.03641 1.1527 
0.25 0.55 0.921406 1.0265 
0.25 0.5 0.816406 0.919809 
0.25 0.45 0.721406 0.830425 
0.25 0.4 0.636406 0.755811 
0.25 0.35 0.561406 0.693507 
0.25 0.3 0.496406 0.641327 
0.25 0.25 0.441406 0.597412 
0.25 0.2 0.396406 0.560233 
0.25 0.15 0.361406 0.528544 
0.25 0.1 0.336406 0.501344 
0.25 0.05 0.321406 0.477829 
0.25 0 0.316406 0.457354 
0.3 1 2.2401 2.44418 
0.3 0.95 2.0451 2.30095 
0.3 0.9 1.8601 2.13172 
0.3 0.85 1.6851 1.9432 
0.3 0.8 1.5201 1.74587 
0.3 0.75 1.3651 1.55142 
0.3 0.7 1.2201 1.36976 
0.3 0.65 1.0851 1.20726 
0.3 0.6 0.9601 1.06653 
0.3 0.55 0.8451 0.947327 
0.3 0.5 0.7401 0.847725 
0.3 0.45 0.6451 0.76506 
0.3 0.4 0.5601 0.696575 
0.3 0.35 0.4851 0.639739 
0.3 0.3 0.4201 0.592376 
0.3 0.25 0.3651 0.552683 
0.3 0.2 0.3201 0.519195 
0.3 0.15 0.2851 0.490741 
0.3 0.1 0.2601 0.466384 
0.3 0.05 0.2451 0.445379 
0.3 0 0.2401 0.427131 
0.35 1 2.17851 2.39037 
0.35 0.95 1.98351 2.23508 
0.35 0.9 1.79851 2.05456 
0.35 0.85 1.62351 1.85728 
0.35 0.8 1.45851 1.65507 
0.35 0.75 1.30351 1.45995 
0.35 0.7 1.15851 1.28123 
0.35 0.65 1.02351 1.12413 
0.35 0.6 0.898506 0.99007 
0.35 0.55 0.783506 0.877893 
0.35 0.5 0.678506 0.785069 
0.35 0.45 0.583506 0.708625 
0.35 0.4 0.498506 0.645686 
0.35 0.35 0.423506 0.593711 
0.35 0.3 0.358506 0.550576 
0.35 0.25 0.303506 0.514548 
0.35 0.2 0.258506 0.484243 
0.35 0.15 0.223506 0.45856 
0.35 0.1 0.198506 0.436627 
0.35 0.05 0.183506 0.417753 
0.35 0 0.178506 0.401391 
0.4 1 2.1296 2.33532 
0.4 0.95 1.9346 2.16891 
0.4 0.9 1.7496 1.97866 
0.4 0.85 1.5746 1.77465 
0.4 0.8 1.4096 1.5697 
0.4 0.75 1.2546 1.37575 
0.4 0.7 1.1096 1.20124 
0.4 0.65 0.9746 1.05016 
0.4 0.6 0.8496 0.922878 
0.4 0.55 0.7346 0.817452 
0.4 0.5 0.6296 0.730914 
0.4 0.45 0.5346 0.6601 
0.4 0.4 0.4496 0.602088 
0.4 0.35 0.3746 0.554375 
0.4 0.3 0.3096 0.514909 
0.4 0.25 0.2546 0.482038 
0.4 0.2 0.2096 0.454457 
0.4 0.15 0.1746 0.431135 
0.4 0.1 0.1496 0.41126 
0.4 0.05 0.1346 0.394192 
0.4 0 0.1296 0.379423 
0.45 1 2.09151 2.27998 
0.45 0.95 1.89651 2.10364 
0.45 0.9 1.71151 1.90533 
0.45 0.85 1.53651 1.69657 
0.45 0.8 1.37151 1.4907 
0.45 0.75 1.21651 1.29932 
0.45 0.7 1.07151 1.1298 
0.45 0.65 0.936506 0.984976 
0.45 0.6 0.811506 0.864266 
0.45 0.55 0.696506 0.765129 
0.45 0.5 0.591506 0.684293 
0.45 0.45 0.496506 0.618485 
0.45 0.4 0.411506 0.564793 
0.45 0.35 0.336506 0.520779 
0.45 0.3 0.271506 0.484471 
0.45 0.25 0.216506 0.454302 
0.45 0.2 0.171506 0.429042 
0.45 0.15 0.136506 0.407725 
0.45 0.1 0.111506 0.389594 
0.45 0.05 0.0965063 0.374052 
0.45 0 0.0915063 0.36063 
0.5 1 2.0625 2.22531 
0.5 0.95 1.8675 2.04037 
0.5 0.9 1.6825 1.83571 
0.5 0.85 1.5075 1.62393 
0.5 0.8 1.3425 1.41863 
0.5 0.75 1.1875 1.23077 
0.5 0.7 1.0425 1.06662 
0.5 0.65 0.9075 0.927966 
0.5 0.6 0.7825 0.813431 
0.5 0.55 0.6675 0.720022 
0.5 0.5 0.5625 0.644266 
0.5 0.45 0.4675 0.582853 
0.5 0.4 0.3825 0.532911 
0.5 0.35 0.3075 0.492082 
0.5 0.3 0.2425 0.458477 
0.5 0.25 0.1875 0.430611 
0.5 0.2 0.1425 0.407322 
0.5 0.15 0.1075 0.387704 
0.5 0.1 0.0825 0.371047 
0.5 0.05 0.0675 0.356796 
0.5 0 0.0625 0.34451 
0.55 1 2.04101 2.1722 
0.55 0.95 1.84601 1.98005 
0.55 0.9 1.66101 1.77062 
0.55 0.85 1.48601 1.55732 
0.55 0.8 1.32101 1.3537 
0.55 0.75 1.16601 1.16992 
0.55 0.7 1.02101 1.01121 
0.55 0.65 0.886006 0.87842 
0.55 0.6 0.761006 0.769541 
0.55 0.55 0.646006 0.681254 
0.55 0.5 0.541006 0.609966 
0.55 0.45 0.446006 0.55237 
0.55 0.4 0.361006 0.505659 
0.55 0.35 0.286006 0.467555 
0.55 0.3 0.221006 0.436254 
0.55 0.25 0.166006 0.410343 
0.55 0.2 0.121006 0.388725 
0.55 0.15 0.0860062 0.370545 
0.55 0.1 0.0610062 0.355135 
0.55 0.05 0.0460062 0.341973 
0.55 0 0.0410062 0.330648 
0.6 1 2.0256 2.12143 
0.6 0.95 1.8306 1.92344 
0.6 0.9 1.6456 1.71066 
0.6 0.85 1.4706 1.49703 
0.6 0.8 1.3056 1.29583 
0.6 0.75 1.1506 1.11639 
0.6 0.7 1.0056 0.962956 
0.6 0.65 0.8706 0.835587 
0.6 0.6 0.7456 0.731791 
0.6 0.55 0.6306 0.648018 
0.6 0.5 0.5256 0.580615 
0.6 0.45 0.4306 0.526307 
0.6 0.4 0.3456 0.482361 
0.6 0.35 0.2706 0.446579 
0.6 0.3 0.2056 0.417233 
0.6 0.25 0.1506 0.392978 
0.6 0.2 0.1056 0.372773 
0.6 0.15 0.0706 0.355807 
0.6 0.1 0.0456 0.34145 
0.6 0.05 0.0306 0.329209 
0.6 0 0.0256 0.318696 
0.65 1 2.01501 2.07364 
0.65 0.95 1.82001 1.87109 
0.65 0.9 1.63501 1.65617 
0.65 0.85 1.46001 1.44311 
0.65 0.8 1.29501 1.24479 
0.65 0.75 1.14001 1.06968 
0.65 0.7 0.995006 0.921197 
0.65 0.65 0.860006 0.798733 
0.65 0.6 0.735006 0.699431 
0.65 0.55 0.620006 0.619586 
0.65 0.5 0.515006 0.555529 
0.65 0.45 0.420006 0.504034 
0.65 0.4 0.335006 0.462439 
0.65 0.35 0.260006 0.428625 
0.65 0.3 0.195006 0.400933 
0.65 0.25 0.140006 0.378078 
0.65 0.2 0.0950062 0.359066 
0.65 0.15 0.0600062 0.343125 
0.65 0.1 0.0350062 0.329657 
0.65 0.05 0.0200062 0.318194 
0.65 0 0.0150062 0.308366 
0.7 1 2.0081 2.02933 
0.7 0.95 1.8131 1.82335 
0.7 0.9 1.6281 1.60728 
0.7 0.85 1.4531 1.39543 
0.7 0.8 1.2881 1.20018 
0.7 0.75 1.1331 1.02925 
0.7 0.7 0.9881 0.885279 
0.7 0.65 0.8531 0.767169 
0.7 0.6 0.7281 0.671783 
0.7 0.55 0.6131 0.59532 
0.7 0.5 0.5081 0.534119 
0.7 0.45 0.4131 0.485011 
0.7 0.4 0.3281 0.445406 
0.7 0.35 0.2531 0.413252 
0.7 0.3 0.1881 0.386954 
0.7 0.25 0.1331 0.365278 
0.7 0.2 0.0881 0.347269 
0.7 0.15 0.0531 0.332192 
0.7 0.1 0.0281 0.319474 
0.7 0.05 0.0131 0.308667 
0.7 0 0.0081 0.299418 
0.75 1 2.00391 1.98882 
0.75 0.95 1.80891 1.78042 
0.75 0.9 1.62391 1.56397 
0.75 0.85 1.44891 1.35373 
0.75 0.8 1.28391 1.16158 
0.75 0.75 1.12891 0.994513 
0.75 0.7 0.983906 0.85458 
0.75 0.65 0.848906 0.74027 
0.75 0.6 0.723906 0.648249 
0.75 0.55 0.608906 0.574665 
0.75 0.5 0.503906 0.51588 
0.75 0.45 0.408906 0.468782 
0.75 0.4 0.323906 0.430848 
0.75 0.35 0.248906 0.400088 
0.75 0.3 0.183906 0.374959 
0.75 0.25 0.128906 0.354271 
0.75 0.2 0.0839062 0.337106 
0.75 0.15 0.0489062 0.322755 
0.75 0.1 0.0239062 0.310667 
0.75 0.05 0.00890625 0.300413 
0.75 0 0.00390625 0.291653 
0.8 1 2.0016 1.95232 
0.8 0.95 1.8066 1.74234 
0.8 0.9 1.6216 1.52608 
0.8 0.85 1.4466 1.31768 
0.8 0.8 1.2816 1.12849 
0.8 0.75 1.1266 0.964926 
0.8 0.7 0.9816 0.828526 
0.8 0.65 0.8466 0.717476 
0.8 0.6 0.7216 0.628308 
0.8 0.55 0.6066 0.557145 
0.8 0.5 0.5016 0.500381 
0.8 0.45 0.4066 0.454961 
0.8 0.4 0.3216 0.418419 
0.8 0.35 0.2466 0.38882 
0.8 0.3 0.1816 0.364666 
0.8 0.25 0.1266 0.344803 
0.8 0.2 0.0816 0.328342 
0.8 0.15 0.0466 0.314599 
0.8 0.1 0.0216 0.30304 
0.8 0.05 0.0066 0.29325 
0.8 0 0.0016 0.284903 
0.85 1 2.00051 1.91992 
0.85 0.95 1.80551 1.70904 
0.85 0.9 1.62051 1.49339 
0.85 0.85 1.44551 1.28689 
0.85 0.8 1.28051 1.10046 
0.85 0.75 1.12551 0.939972 
0.85 0.7 0.980506 0.806599 
0.85 0.65 0.845506 0.698297 
0.85 0.6 0.720506 0.611509 
0.85 0.55 0.605506 0.542352 
0.85 0.5 0.500506 0.487258 
0.85 0.45 0.405506 0.443222 
0.85 0.4 0.320506 0.407829 
0.85 0.35 0.245506 0.379188 
0.85 0.3 0.180506 0.35584 
0.85 0.25 0.125506 0.336659 
0.85 0.2 0.0805062 0.320784 
0.85 0.15 0.0455062 0.307547 
0.85 0.1 0.0205062 0.29643 
0.85 0.05 0.00550625 0.287029 
0.85 0 0.00050625 0.279028 
0.9 1 2.0001 1.89159 
0.9 0.95 1.8051 1.68037 
0.9 0.9 1.6201 1.46561 
0.9 0.85 1.4451 1.26099 
0.9 0.8 1.2801 1.07701 
0.9 0.75 1.1251 0.919178 
0.9 0.7 0.9801 0.788341 
0.9 0.65 0.8451 0.682306 
0.9 0.6 0.7201 0.597465 
0.9 0.55 0.6051 0.529941 
0.9 0.5 0.5001 0.476203 
0.9 0.45 0.4051 0.433291 
0.9 0.4 0.3201 0.398832 
0.9 0.35 0.2451 0.370973 
0.9 0.3 0.1801 0.348282 
0.9 0.25 0.1251 0.329663 
0.9 0.2 0.0801 0.314269 
0.9 0.15 0.0451 0.301449 
0.9 0.1 0.0201 0.290698 
0.9 0.05 0.0051 0.281622 
0.9 0 0.0001 0.27391 
0.95 1 2.00001 1.86726 
0.95 0.95 1.80501 1.65614 
0.95 0.9 1.62001 1.44242 
0.95 0.85 1.44501 1.23957 
0.95 0.8 1.28001 1.05774 
0.95 0.75 1.12501 0.902119 
0.95 0.7 0.980006 0.773349 
0.95 0.65 0.845006 0.669136 
0.95 0.6 0.720006 0.585845 
0.95 0.55 0.605006 0.519618 
0.95 0.5 0.500006 0.466957 
0.95 0.45 0.405006 0.424938 
0.95 0.4 0.320006 0.391223 
0.95 0.35 0.245006 0.363989 
0.95 0.3 0.180006 0.341829 
0.95 0.25 0.125006 0.323662 
0.95 0.2 0.0800062 0.308659 
0.95 0.15 0.0450062 0.29618 
0.95 0.1 0.0200062 0.28573 
0.95 0.05 0.00500625 0.276921 
0.95 0 6.25e-06 0.26945 
1 1 2 1.84677 
1 0.95 1.805 1.63609 
1 0.9 1.62 1.42351 
1 0.85 1.445 1.22227 
1 0.8 1.28 1.04226 
1 0.75 1.125 0.888418 
1 0.7 0.98 0.761272 
1 0.65 0.845 0.658469 
1 0.6 0.72 0.576368 
1 0.55 0.605 0.511134 
1 0.5 0.5 0.459299 
1 0.45 0.405 0.417968 
1 0.4 0.32 0.38483 
1 0.35 0.245 0.358083 
1 0.3 0.18 0.336338 
1 0.25 0.125 0.31853 
1 0.2 0.08 0.303839 
1 0.15 0.045 0.291635 
1 0.1 0.02 0.281428 
1 0.05 0.005 0.272837 
1 0 0 0.265562 
